ID,geometry
0300001000,"list(c(300000.00012207, 300000.00012207, 310000.00012207, 310000.00012207, 300000.00012207, 100000.00012207, 110000.00012207, 110000.00012207, 100000.00012207, 100000.00012207))"
0310001000,"list(c(310000.00012207, 310000.00012207, 320000.00012207, 320000.00012207, 310000.00012207, 100000.00012207, 110000.00012207, 110000.00012207, 100000.00012207, 100000.00012207))"
0290001100,"list(c(290000.00012207, 290000.00012207, 300000.00012207, 300000.00012207, 290000.00012207, 110000.00012207, 120000.00012207, 120000.00012207, 110000.00012207, 110000.00012207))"
0300001100,"list(c(300000.00012207, 300000.00012207, 310000.00012207, 310000.00012207, 300000.00012207, 110000.00012207, 120000.00012207, 120000.00012207, 110000.00012207, 110000.00012207))"
0310001100,"list(c(310000.00012207, 310000.00012207, 320000.00012207, 320000.00012207, 310000.00012207, 110000.00012207, 120000.00012207, 120000.00012207, 110000.00012207, 110000.00012207))"
0320001100,"list(c(320000.00012207, 320000.00012207, 330000.00012207, 330000.00012207, 320000.00012207, 110000.00012207, 120000.00012207, 120000.00012207, 110000.00012207, 110000.00012207))"
0270001200,"list(c(270000.00012207, 270000.00012207, 280000.00012207, 280000.00012207, 270000.00012207, 120000.00012207, 130000.00012207, 130000.00012207, 120000.00012207, 120000.00012207))"
0300001200,"list(c(300000.00012207, 300000.00012207, 310000.00012207, 310000.00012207, 300000.00012207, 120000.00012207, 130000.00012207, 130000.00012207, 120000.00012207, 120000.00012207))"
0310001200,"list(c(310000.00012207, 310000.00012207, 320000.00012207, 320000.00012207, 310000.00012207, 120000.00012207, 130000.00012207, 130000.00012207, 120000.00012207, 120000.00012207))"
0320001200,"list(c(320000.00012207, 320000.00012207, 330000.00012207, 330000.00012207, 320000.00012207, 120000.00012207, 130000.00012207, 130000.00012207, 120000.00012207, 120000.00012207))"
0330001200,"list(c(330000.00012207, 330000.00012207, 340000.00012207, 340000.00012207, 330000.00012207, 120000.00012207, 130000.00012207, 130000.00012207, 120000.00012207, 120000.00012207))"
0260001300,"list(c(260000.00012207, 260000.00012207, 270000.00012207, 270000.00012207, 260000.00012207, 130000.00012207, 140000.00012207, 140000.00012207, 130000.00012207, 130000.00012207))"
0270001300,"list(c(270000.00012207, 270000.00012207, 280000.00012207, 280000.00012207, 270000.00012207, 130000.00012207, 140000.00012207, 140000.00012207, 130000.00012207, 130000.00012207))"
0280001300,"list(c(280000.00012207, 280000.00012207, 290000.00012207, 290000.00012207, 280000.00012207, 130000.00012207, 140000.00012207, 140000.00012207, 130000.00012207, 130000.00012207))"
0290001300,"list(c(290000.00012207, 290000.00012207, 300000.00012207, 300000.00012207, 290000.00012207, 130000.00012207, 140000.00012207, 140000.00012207, 130000.00012207, 130000.00012207))"
0300001300,"list(c(300000.00012207, 300000.00012207, 310000.00012207, 310000.00012207, 300000.00012207, 130000.00012207, 140000.00012207, 140000.00012207, 130000.00012207, 130000.00012207))"
0310001300,"list(c(310000.00012207, 310000.00012207, 320000.00012207, 320000.00012207, 310000.00012207, 130000.00012207, 140000.00012207, 140000.00012207, 130000.00012207, 130000.00012207))"
0320001300,"list(c(320000.00012207, 320000.00012207, 330000.00012207, 330000.00012207, 320000.00012207, 130000.00012207, 140000.00012207, 140000.00012207, 130000.00012207, 130000.00012207))"
0330001300,"list(c(330000.00012207, 330000.00012207, 340000.00012207, 340000.00012207, 330000.00012207, 130000.00012207, 140000.00012207, 140000.00012207, 130000.00012207, 130000.00012207))"
0340001300,"list(c(340000.00012207, 340000.00012207, 350000.00012207, 350000.00012207, 340000.00012207, 130000.00012207, 140000.00012207, 140000.00012207, 130000.00012207, 130000.00012207))"
0410001300,"list(c(410000.00012207, 410000.00012207, 420000.00012207, 420000.00012207, 410000.00012207, 130000.00012207, 140000.00012207, 140000.00012207, 130000.00012207, 130000.00012207))"
0260001400,"list(c(260000.00012207, 260000.00012207, 270000.00012207, 270000.00012207, 260000.00012207, 140000.00012207, 150000.00012207, 150000.00012207, 140000.00012207, 140000.00012207))"
0270001400,"list(c(270000.00012207, 270000.00012207, 280000.00012207, 280000.00012207, 270000.00012207, 140000.00012207, 150000.00012207, 150000.00012207, 140000.00012207, 140000.00012207))"
0280001400,"list(c(280000.00012207, 280000.00012207, 290000.00012207, 290000.00012207, 280000.00012207, 140000.00012207, 150000.00012207, 150000.00012207, 140000.00012207, 140000.00012207))"
0290001400,"list(c(290000.00012207, 290000.00012207, 300000.00012207, 300000.00012207, 290000.00012207, 140000.00012207, 150000.00012207, 150000.00012207, 140000.00012207, 140000.00012207))"
0300001400,"list(c(300000.00012207, 300000.00012207, 310000.00012207, 310000.00012207, 300000.00012207, 140000.00012207, 150000.00012207, 150000.00012207, 140000.00012207, 140000.00012207))"
0310001400,"list(c(310000.00012207, 310000.00012207, 320000.00012207, 320000.00012207, 310000.00012207, 140000.00012207, 150000.00012207, 150000.00012207, 140000.00012207, 140000.00012207))"
0320001400,"list(c(320000.00012207, 320000.00012207, 330000.00012207, 330000.00012207, 320000.00012207, 140000.00012207, 150000.00012207, 150000.00012207, 140000.00012207, 140000.00012207))"
0330001400,"list(c(330000.00012207, 330000.00012207, 340000.00012207, 340000.00012207, 330000.00012207, 140000.00012207, 150000.00012207, 150000.00012207, 140000.00012207, 140000.00012207))"
0340001400,"list(c(340000.00012207, 340000.00012207, 350000.00012207, 350000.00012207, 340000.00012207, 140000.00012207, 150000.00012207, 150000.00012207, 140000.00012207, 140000.00012207))"
0390001400,"list(c(390000.00012207, 390000.00012207, 400000.00012207, 400000.00012207, 390000.00012207, 140000.00012207, 150000.00012207, 150000.00012207, 140000.00012207, 140000.00012207))"
0410001400,"list(c(410000.00012207, 410000.00012207, 420000.00012207, 420000.00012207, 410000.00012207, 140000.00012207, 150000.00012207, 150000.00012207, 140000.00012207, 140000.00012207))"
0420001400,"list(c(420000.00012207, 420000.00012207, 430000.00012207, 430000.00012207, 420000.00012207, 140000.00012207, 150000.00012207, 150000.00012207, 140000.00012207, 140000.00012207))"
0260001500,"list(c(260000.00012207, 260000.00012207, 270000.00012207, 270000.00012207, 260000.00012207, 150000.00012207, 160000.00012207, 160000.00012207, 150000.00012207, 150000.00012207))"
0270001500,"list(c(270000.00012207, 270000.00012207, 280000.00012207, 280000.00012207, 270000.00012207, 150000.00012207, 160000.00012207, 160000.00012207, 150000.00012207, 150000.00012207))"
0280001500,"list(c(280000.00012207, 280000.00012207, 290000.00012207, 290000.00012207, 280000.00012207, 150000.00012207, 160000.00012207, 160000.00012207, 150000.00012207, 150000.00012207))"
0290001500,"list(c(290000.00012207, 290000.00012207, 300000.00012207, 300000.00012207, 290000.00012207, 150000.00012207, 160000.00012207, 160000.00012207, 150000.00012207, 150000.00012207))"
0300001500,"list(c(300000.00012207, 300000.00012207, 310000.00012207, 310000.00012207, 300000.00012207, 150000.00012207, 160000.00012207, 160000.00012207, 150000.00012207, 150000.00012207))"
0310001500,"list(c(310000.00012207, 310000.00012207, 320000.00012207, 320000.00012207, 310000.00012207, 150000.00012207, 160000.00012207, 160000.00012207, 150000.00012207, 150000.00012207))"
0320001500,"list(c(320000.00012207, 320000.00012207, 330000.00012207, 330000.00012207, 320000.00012207, 150000.00012207, 160000.00012207, 160000.00012207, 150000.00012207, 150000.00012207))"
0330001500,"list(c(330000.00012207, 330000.00012207, 340000.00012207, 340000.00012207, 330000.00012207, 150000.00012207, 160000.00012207, 160000.00012207, 150000.00012207, 150000.00012207))"
0340001500,"list(c(340000.00012207, 340000.00012207, 350000.00012207, 350000.00012207, 340000.00012207, 150000.00012207, 160000.00012207, 160000.00012207, 150000.00012207, 150000.00012207))"
0350001500,"list(c(350000.00012207, 350000.00012207, 360000.00012207, 360000.00012207, 350000.00012207, 150000.00012207, 160000.00012207, 160000.00012207, 150000.00012207, 150000.00012207))"
0380001500,"list(c(380000.00012207, 380000.00012207, 390000.00012207, 390000.00012207, 380000.00012207, 150000.00012207, 160000.00012207, 160000.00012207, 150000.00012207, 150000.00012207))"
0390001500,"list(c(390000.00012207, 390000.00012207, 400000.00012207, 400000.00012207, 390000.00012207, 150000.00012207, 160000.00012207, 160000.00012207, 150000.00012207, 150000.00012207))"
0400001500,"list(c(400000.00012207, 400000.00012207, 410000.00012207, 410000.00012207, 400000.00012207, 150000.00012207, 160000.00012207, 160000.00012207, 150000.00012207, 150000.00012207))"
0410001500,"list(c(410000.00012207, 410000.00012207, 420000.00012207, 420000.00012207, 410000.00012207, 150000.00012207, 160000.00012207, 160000.00012207, 150000.00012207, 150000.00012207))"
0420001500,"list(c(420000.00012207, 420000.00012207, 430000.00012207, 430000.00012207, 420000.00012207, 150000.00012207, 160000.00012207, 160000.00012207, 150000.00012207, 150000.00012207))"
0430001500,"list(c(430000.00012207, 430000.00012207, 440000.00012207, 440000.00012207, 430000.00012207, 150000.00012207, 160000.00012207, 160000.00012207, 150000.00012207, 150000.00012207))"
0240001600,"list(c(240000.00012207, 240000.00012207, 250000.00012207, 250000.00012207, 240000.00012207, 160000.00012207, 170000.00012207, 170000.00012207, 160000.00012207, 160000.00012207))"
0250001600,"list(c(250000.00012207, 250000.00012207, 260000.00012207, 260000.00012207, 250000.00012207, 160000.00012207, 170000.00012207, 170000.00012207, 160000.00012207, 160000.00012207))"
0270001600,"list(c(270000.00012207, 270000.00012207, 280000.00012207, 280000.00012207, 270000.00012207, 160000.00012207, 170000.00012207, 170000.00012207, 160000.00012207, 160000.00012207))"
0280001600,"list(c(280000.00012207, 280000.00012207, 290000.00012207, 290000.00012207, 280000.00012207, 160000.00012207, 170000.00012207, 170000.00012207, 160000.00012207, 160000.00012207))"
0290001600,"list(c(290000.00012207, 290000.00012207, 300000.00012207, 300000.00012207, 290000.00012207, 160000.00012207, 170000.00012207, 170000.00012207, 160000.00012207, 160000.00012207))"
0300001600,"list(c(300000.00012207, 300000.00012207, 310000.00012207, 310000.00012207, 300000.00012207, 160000.00012207, 170000.00012207, 170000.00012207, 160000.00012207, 160000.00012207))"
0310001600,"list(c(310000.00012207, 310000.00012207, 320000.00012207, 320000.00012207, 310000.00012207, 160000.00012207, 170000.00012207, 170000.00012207, 160000.00012207, 160000.00012207))"
0320001600,"list(c(320000.00012207, 320000.00012207, 330000.00012207, 330000.00012207, 320000.00012207, 160000.00012207, 170000.00012207, 170000.00012207, 160000.00012207, 160000.00012207))"
0330001600,"list(c(330000.00012207, 330000.00012207, 340000.00012207, 340000.00012207, 330000.00012207, 160000.00012207, 170000.00012207, 170000.00012207, 160000.00012207, 160000.00012207))"
0340001600,"list(c(340000.00012207, 340000.00012207, 350000.00012207, 350000.00012207, 340000.00012207, 160000.00012207, 170000.00012207, 170000.00012207, 160000.00012207, 160000.00012207))"
0380001600,"list(c(380000.00012207, 380000.00012207, 390000.00012207, 390000.00012207, 380000.00012207, 160000.00012207, 170000.00012207, 170000.00012207, 160000.00012207, 160000.00012207))"
0390001600,"list(c(390000.00012207, 390000.00012207, 400000.00012207, 400000.00012207, 390000.00012207, 160000.00012207, 170000.00012207, 170000.00012207, 160000.00012207, 160000.00012207))"
0400001600,"list(c(400000.00012207, 400000.00012207, 410000.00012207, 410000.00012207, 400000.00012207, 160000.00012207, 170000.00012207, 170000.00012207, 160000.00012207, 160000.00012207))"
0410001600,"list(c(410000.00012207, 410000.00012207, 420000.00012207, 420000.00012207, 410000.00012207, 160000.00012207, 170000.00012207, 170000.00012207, 160000.00012207, 160000.00012207))"
0420001600,"list(c(420000.00012207, 420000.00012207, 430000.00012207, 430000.00012207, 420000.00012207, 160000.00012207, 170000.00012207, 170000.00012207, 160000.00012207, 160000.00012207))"
0430001600,"list(c(430000.00012207, 430000.00012207, 440000.00012207, 440000.00012207, 430000.00012207, 160000.00012207, 170000.00012207, 170000.00012207, 160000.00012207, 160000.00012207))"
0250001700,"list(c(250000.00012207, 250000.00012207, 260000.00012207, 260000.00012207, 250000.00012207, 170000.00012207, 180000.00012207, 180000.00012207, 170000.00012207, 170000.00012207))"
0260001700,"list(c(260000.00012207, 260000.00012207, 270000.00012207, 270000.00012207, 260000.00012207, 170000.00012207, 180000.00012207, 180000.00012207, 170000.00012207, 170000.00012207))"
0270001700,"list(c(270000.00012207, 270000.00012207, 280000.00012207, 280000.00012207, 270000.00012207, 170000.00012207, 180000.00012207, 180000.00012207, 170000.00012207, 170000.00012207))"
0280001700,"list(c(280000.00012207, 280000.00012207, 290000.00012207, 290000.00012207, 280000.00012207, 170000.00012207, 180000.00012207, 180000.00012207, 170000.00012207, 170000.00012207))"
0290001700,"list(c(290000.00012207, 290000.00012207, 300000.00012207, 300000.00012207, 290000.00012207, 170000.00012207, 180000.00012207, 180000.00012207, 170000.00012207, 170000.00012207))"
0300001700,"list(c(300000.00012207, 300000.00012207, 310000.00012207, 310000.00012207, 300000.00012207, 170000.00012207, 180000.00012207, 180000.00012207, 170000.00012207, 170000.00012207))"
0310001700,"list(c(310000.00012207, 310000.00012207, 320000.00012207, 320000.00012207, 310000.00012207, 170000.00012207, 180000.00012207, 180000.00012207, 170000.00012207, 170000.00012207))"
0320001700,"list(c(320000.00012207, 320000.00012207, 330000.00012207, 330000.00012207, 320000.00012207, 170000.00012207, 180000.00012207, 180000.00012207, 170000.00012207, 170000.00012207))"
0330001700,"list(c(330000.00012207, 330000.00012207, 340000.00012207, 340000.00012207, 330000.00012207, 170000.00012207, 180000.00012207, 180000.00012207, 170000.00012207, 170000.00012207))"
0340001700,"list(c(340000.00012207, 340000.00012207, 350000.00012207, 350000.00012207, 340000.00012207, 170000.00012207, 180000.00012207, 180000.00012207, 170000.00012207, 170000.00012207))"
0380001700,"list(c(380000.00012207, 380000.00012207, 390000.00012207, 390000.00012207, 380000.00012207, 170000.00012207, 180000.00012207, 180000.00012207, 170000.00012207, 170000.00012207))"
0390001700,"list(c(390000.00012207, 390000.00012207, 400000.00012207, 400000.00012207, 390000.00012207, 170000.00012207, 180000.00012207, 180000.00012207, 170000.00012207, 170000.00012207))"
0400001700,"list(c(400000.00012207, 400000.00012207, 410000.00012207, 410000.00012207, 400000.00012207, 170000.00012207, 180000.00012207, 180000.00012207, 170000.00012207, 170000.00012207))"
0410001700,"list(c(410000.00012207, 410000.00012207, 420000.00012207, 420000.00012207, 410000.00012207, 170000.00012207, 180000.00012207, 180000.00012207, 170000.00012207, 170000.00012207))"
0420001700,"list(c(420000.00012207, 420000.00012207, 430000.00012207, 430000.00012207, 420000.00012207, 170000.00012207, 180000.00012207, 180000.00012207, 170000.00012207, 170000.00012207))"
0430001700,"list(c(430000.00012207, 430000.00012207, 440000.00012207, 440000.00012207, 430000.00012207, 170000.00012207, 180000.00012207, 180000.00012207, 170000.00012207, 170000.00012207))"
0250001800,"list(c(250000.00012207, 250000.00012207, 260000.00012207, 260000.00012207, 250000.00012207, 180000.00012207, 190000.00012207, 190000.00012207, 180000.00012207, 180000.00012207))"
0260001800,"list(c(260000.00012207, 260000.00012207, 270000.00012207, 270000.00012207, 260000.00012207, 180000.00012207, 190000.00012207, 190000.00012207, 180000.00012207, 180000.00012207))"
0270001800,"list(c(270000.00012207, 270000.00012207, 280000.00012207, 280000.00012207, 270000.00012207, 180000.00012207, 190000.00012207, 190000.00012207, 180000.00012207, 180000.00012207))"
0280001800,"list(c(280000.00012207, 280000.00012207, 290000.00012207, 290000.00012207, 280000.00012207, 180000.00012207, 190000.00012207, 190000.00012207, 180000.00012207, 180000.00012207))"
0290001800,"list(c(290000.00012207, 290000.00012207, 300000.00012207, 300000.00012207, 290000.00012207, 180000.00012207, 190000.00012207, 190000.00012207, 180000.00012207, 180000.00012207))"
0300001800,"list(c(300000.00012207, 300000.00012207, 310000.00012207, 310000.00012207, 300000.00012207, 180000.00012207, 190000.00012207, 190000.00012207, 180000.00012207, 180000.00012207))"
0310001800,"list(c(310000.00012207, 310000.00012207, 320000.00012207, 320000.00012207, 310000.00012207, 180000.00012207, 190000.00012207, 190000.00012207, 180000.00012207, 180000.00012207))"
0320001800,"list(c(320000.00012207, 320000.00012207, 330000.00012207, 330000.00012207, 320000.00012207, 180000.00012207, 190000.00012207, 190000.00012207, 180000.00012207, 180000.00012207))"
0330001800,"list(c(330000.00012207, 330000.00012207, 340000.00012207, 340000.00012207, 330000.00012207, 180000.00012207, 190000.00012207, 190000.00012207, 180000.00012207, 180000.00012207))"
0340001800,"list(c(340000.00012207, 340000.00012207, 350000.00012207, 350000.00012207, 340000.00012207, 180000.00012207, 190000.00012207, 190000.00012207, 180000.00012207, 180000.00012207))"
0370001800,"list(c(370000.00012207, 370000.00012207, 380000.00012207, 380000.00012207, 370000.00012207, 180000.00012207, 190000.00012207, 190000.00012207, 180000.00012207, 180000.00012207))"
0380001800,"list(c(380000.00012207, 380000.00012207, 390000.00012207, 390000.00012207, 380000.00012207, 180000.00012207, 190000.00012207, 190000.00012207, 180000.00012207, 180000.00012207))"
0390001800,"list(c(390000.00012207, 390000.00012207, 400000.00012207, 400000.00012207, 390000.00012207, 180000.00012207, 190000.00012207, 190000.00012207, 180000.00012207, 180000.00012207))"
0330001900,"list(c(330000.00012207, 330000.00012207, 340000.00012207, 340000.00012207, 330000.00012207, 190000.00012207, 200000.00012207, 200000.00012207, 190000.00012207, 190000.00012207))"
0340001900,"list(c(340000.00012207, 340000.00012207, 350000.00012207, 350000.00012207, 340000.00012207, 190000.00012207, 200000.00012207, 200000.00012207, 190000.00012207, 190000.00012207))"
0350001900,"list(c(350000.00012207, 350000.00012207, 360000.00012207, 360000.00012207, 350000.00012207, 190000.00012207, 200000.00012207, 200000.00012207, 190000.00012207, 190000.00012207))"
0370001900,"list(c(370000.00012207, 370000.00012207, 380000.00012207, 380000.00012207, 370000.00012207, 190000.00012207, 200000.00012207, 200000.00012207, 190000.00012207, 190000.00012207))"
0380001900,"list(c(380000.00012207, 380000.00012207, 390000.00012207, 390000.00012207, 380000.00012207, 190000.00012207, 200000.00012207, 200000.00012207, 190000.00012207, 190000.00012207))"
0390001900,"list(c(390000.00012207, 390000.00012207, 400000.00012207, 400000.00012207, 390000.00012207, 190000.00012207, 200000.00012207, 200000.00012207, 190000.00012207, 190000.00012207))"
0340002000,"list(c(340000.00012207, 340000.00012207, 350000.00012207, 350000.00012207, 340000.00012207, 200000.00012207, 210000.00012207, 210000.00012207, 200000.00012207, 200000.00012207))"
0350002000,"list(c(350000.00012207, 350000.00012207, 360000.00012207, 360000.00012207, 350000.00012207, 200000.00012207, 210000.00012207, 210000.00012207, 200000.00012207, 200000.00012207))"
0360002000,"list(c(360000.00012207, 360000.00012207, 370000.00012207, 370000.00012207, 360000.00012207, 200000.00012207, 210000.00012207, 210000.00012207, 200000.00012207, 200000.00012207))"
0370002000,"list(c(370000.00012207, 370000.00012207, 380000.00012207, 380000.00012207, 370000.00012207, 200000.00012207, 210000.00012207, 210000.00012207, 200000.00012207, 200000.00012207))"
0380002000,"list(c(380000.00012207, 380000.00012207, 390000.00012207, 390000.00012207, 380000.00012207, 200000.00012207, 210000.00012207, 210000.00012207, 200000.00012207, 200000.00012207))"
0390002000,"list(c(390000.00012207, 390000.00012207, 400000.00012207, 400000.00012207, 390000.00012207, 200000.00012207, 210000.00012207, 210000.00012207, 200000.00012207, 200000.00012207))"
